16.8
16.3
18.6
10.6
15.9
14.4
25.8
11.8
5.1
7.9
5.8
5.2
6.3
6.2
8.1
6.6
5.3
6.5
7.7
8.1
7.3
7.8
8
9.9
8.2
7
8.8
12
8.1
12.1
13
10.4
8.1
10.1
19.3
6.5
9.6
14.3
14.9
17.1
10.3
10.6
11.5
11.3
21.8
10.9
16.8
16.3
18.6
10.6
15.9
14.4
25.8
11.8
5.3
5.3
25.1
29.6
40.7
24.9
39.2
13.9
15.7
24.3
22.5
27
24.4
6.5
6.8
6.9
9.6
10.7
9.2
5.2
9.6
6.9
16.2
6
14.9
14
5.6
15
8.2
22.4
5.3
6.2
15.5
17.4
6
5.2
17.8
9.6
22.7
8.1
16.8
19.8
7.2
20.3
10.5
24.3
8.8
16.1
21.2
10.7
5.1
21.4
11.4
22.2
9.5
16.1
23
12.4
6.2
5.4
21.7
12.7
21.6
10.9
18.2
23.7
21.2
7.8
6.6
38.9
35.1
5.9
5.7
21.1
14.8
22.4
12.8
19.7
26.1
22.4
9.9
39.1
7
6.7
21.1
16.7
23.5
18.5
5.1
21.4
28.6
27.8
15.7
5.3
39.2
9.9
10.1
22
18.1
24.2
21.7
25.1
29.6
40.7
10.1
24.9
7.9
39.2
13.9
15.7
5.1
24.3
22.5
27
24.4
5.2
5.2
10.9
10.9
13.4
9.1
6
6.8
17.3
16.9
14.1
13.1
17.1
31.1
12.7
36.4
9.3
5.6
6.5
7.4
20.2
8.4
6.5
12.5
8.8
9.7
7.5
23.2
6.7
5.9
7.6
5.9
11.2
9.6
9.5
7.7
23
8.3
6.9
7.7
6.1
12
10.5
9.4
8.1
22.4
7.8
12.1
8.4
6.7
12.6
10.5
9.8
11.2
21.9
8.4
16.9
8.8
6.8
13.1
10.5
9.5
12.4
25.6
7.8
24.3
6.3
8.3
7.4
13.5
10.8
9.6
15.4
24.9
5.9
29
9.8
8.6
5.1
13.7
16.8
15.5
11.8
10.9
18.2
26.4
7.3
32.1
10.7
8.9
6.3
15
16.9
12.9
12
17.6
28.7
8.2
33.5
12.1
8.9
5.1
6.7
17
16.9
13.7
12.7
19
29.7
10.2
34.9
13.4
9.1
6
6.8
17.3
16.9
14.1
13.1
17.1
31.1
12.7
36.4
9.7
7.5
14.7
7.9
14.9
5.5
6.4
10.7
22.4
7
8.7
5.2
8.4
5.1
5.4
6.9
6.7
6.2
7.3
6.5
8.2
5.3
13.8
12.9
5.9
10.9
7.8
6
14
14.9
11.2
9.4
16.5
5.1
8.8
7.1
14.7
14.9
10.1
20.6
9.2
7.5
14.7
14.9
6.3
10.3
22
9.7
7.5
14.7
7.9
14.9
5.5
6.4
10.7
22.4
9.4
6
25.1
13.8
5.6
9.8
6.1
12.5
6.3
5.9
5.4
6.3
14.1
6.5
7.6
6.1
8.7
16.5
7.2
8.6
8.7
21.6
9.2
9.5
23.6
10.8
9.8
5.7
5.1
24.5
11.7
9.5
5.8
24.7
12.5
9.4
5.9
24.7
13.1
9.4
6
25.1
13.8
7.1
7.3
5.2
6.5
7.1
7.3
8.7
5.1
5.9
6.6
7.8
5.6
8.7
26.7
14.5
35.2
18.2
28.3
22.5
22.5
52.1
41.3
26.1
25.9
5.7
8
5.5
5.4
6.8
18.6
9.8
13.8
8
9.2
5.3
11.6
20.1
19.1
7
5.5
25.2
5.5
18.6
13.7
6.1
13.1
23.7
7.1
9.4
7.9
26.5
21.7
15.2
7.3
13.3
24.4
8.7
10.2
9.2
29.1
23
14.4
10.9
14.2
8.1
27.3
9.9
11.9
11.6
34.9
25.5
13.9
15.4
17.9
9.2
28.5
6.9
10.1
12.7
13.6
13.7
38.9
28.7
17.6
17.7
20.4
9.7
30.3
14.7
7.3
14.6
16.6
16
37.8
32.3
19.7
20.6
22.3
11.4
33.5
17.7
20.9
5.5
18.4
18.2
40.4
35.9
20.9
22.5
26.7
14.5
35.2
18.2
28.3
6.1
22.5
22.5
52.1
8.3
41.3
26.1
25.9
45.2
27.8
124.5
41.2
35.4
19.6
41
7.4
41.3
20.9
30.2
41.6
22.2
8.9
5.7
6.2
9
6
8.5
5.1
20.6
20.6
9.4
6.2
11.1
5.9
6.8
22.4
12.4
15
10.9
21.6
21.1
12.7
6.1
11.4
8
16.2
6.6
21.6
12.1
28.9
6.9
21.2
10.8
30.2
17.2
9.4
42
16
17.5
162.2
154.7
23.6
17.6
11.4
25
7.6
26.7
22.1
23.9
38.5
6.4
12.3
44.1
18.4
164
24.2
23
11.4
29.2
29
24.2
23.6
41.3
13.8
44.7
18.6
164.5
21.2
26.5
11.5
31.2
28.6
25.3
24.7
42
16
42.1
20.9
164.8
12.3
27.1
11.5
32.6
30.4
25.3
25.6
37.6
20.6
40.6
21.2
165.6
10.4
26.7
11.7
33.1
32.3
24.4
26
34.7
21.9
46.3
24.9
173
43.8
30.2
29.1
18.8
6.4
35.7
5.2
36.4
21.8
27.6
36.3
24.7
42.5
25.9
119.5
45.2
30.2
30.6
19.6
6.4
38.8
6.8
37.9
21.1
27.4
36.7
24.8
44.2
26.9
124.8
44.4
29.9
19.6
39.9
7.2
40.2
21.1
29
39.3
23.9
45.2
27.8
124.5
41.2
35.4
19.6
41
7.4
41.3
20.9
30.2
41.6
22.2
15.6
12.1
11.9
21.2
43.3
8.6
9
6.3
9.9
14.6
6.3
7.5
5.4
5.2
12.1
5.3
7.7
32.2
25.4
6.6
5.1
6.1
8.2
6.8
8.6
29.2
8.9
6.6
7.4
6.2
6.7
9.8
29.4
6
7.3
8.9
6.5
7.4
6.2
10.4
30.4
7.6
9
6.4
9.4
5.6
11.4
30.8
7.6
5.3
9.1
6.1
10.9
8.3
11.4
30.8
7.6
5.3
9.1
6.1
10.9
9.9
13.7
39.8
11.8
13.8
8.8
5.9
10
8.2
15.7
11
14.4
42.9
11.5
14.6
8.8
6.2
11.6
7.9
17.4
11.9
15.6
43.3
9.9
14.6
9
6.3
12.1
8.6
21.2
16.2
12.3
13
15.9
10.3
12
20.2
8.3
8.1
12.4
5.6
5.3
5.9
6.2
5.7
6
8.1
7.3
6.6
6.4
9.4
5.3
11.4
6.2
11.6
10.4
7.4
11.6
12.3
7.5
6.3
10.6
5.2
10.7
6.1
10.8
14
7.2
12.3
6.6
16.5
7.8
11.1
10.1
8.9
7.4
12.2
13.6
9.2
10.4
10.1
11.5
11.2
18.5
5.9
5.5
12.4
7.4
11.8
7.4
14.6
11.8
11.8
13.8
19.6
7.4
6.8
12.4
16.2
12.3
15.9
12
20.2
13
10.3
8.3
8.1
12.4
10.1
6.2
5.1
5.7
5.8
6.7
5.1
6.2
5.6
6.1
7.6
5.1
5.2
7.3
7
7.7
7.7
5.2
5.5
6.5
8.4
6.6
10
6
9
7.6
10.4
5.1
6
9.8
11.2
5.6
11.3
10.5
5.7
5.8
7.2
13.6
7.1
8.5
9.7
5.3
8.7
12.2
14
6
7
14.8
8.7
6.4
15
6.9
9.7
7.2
7.9
12.7
13.6
15.4
12.5
8.3
12.7
10.6
19.7
16.1
8.8
7.3
13.5
13.6
11.3
5.5
8.1
12.4
9.6
5.3
7
6.4
5.5
5.4
6.9
7.9
5.6
9.5
10
11.5
6.4
7.6
9.7
5.3
8.7
12.2
8.5
10.6
5.4
8.3
12.3
9.1
11.3
5.5
8.1
12.4
9.6
8.7
8.7
10.5
5.1
7.5
18.3
15.1
17.8
5.3
8.2
17.6
17.6
5.1
5.2
5.2
8.6
16.9
18.2
5.1
5.5
6.2
5.9
5.2
18.2
9.8
7.1
5.8
9.7
17.8
10.5
5.1
7.5
8.8
15.1
17.8
5.3
18.3
7.1
7.1
11.1
10.9
5.4
8.3
8.9
8
10.9
12.5
5.8
7.4
5.6
7.7
6.5
6.8
5.9
7
5.8
8.7
6.8
7.8
9.4
6.8
5.6
5.2
7.6
10.3
6.8
5.6
5.2
6.5
5.8
10
6.8
9.6
9.6
10.5
7
6.1
7.3
7.4
10.5
5.4
6.4
7.2
7.4
9.2
10.5
6
10.7
8.3
9.5
12.6
6.1
5.4
7.1
7.7
5.8
11.1
14.8
10.9
8
10.9
12.5
5.4
8.3
8.9
27.3
26.4
18.9
33.6
18.2
44.7
8.5
14.3
22.4
10.9
18
10.1
11.3
5.8
6.7
10.8
5.6
9.5
6.1
15.2
8.3
11.3
5.4
5.4
8.7
9.4
5.1
6.5
19.2
8.5
10.5
23
5.7
6.6
11.2
12.8
9.3
5.7
11.2
24.3
8.3
10.5
35.9
5.6
6.3
12.1
17
39
7.1
9.9
14.9
14.9
25.3
12.2
6.2
14.5
17.3
25.3
12.2
39
7.1
9.9
14.9
14.9
6.2
14.5
19.1
5.9
9
8.6
15.5
27
14.7
40.4
8.4
10.8
18.7
8.6
10.8
16.4
21.1
12.9
17
31.7
16.4
40.8
9
11.5
21.2
10.8
9.8
21.9
24
41.8
8.8
12.9
22.1
10.8
6.3
12.4
17.5
32.1
17.8
10.3
26.6
24.8
33.6
18.2
44.7
8.5
14.3
22.4
10.9
11
18
10.1
18.9
11.3
27.3
26.4
10
9.8
18.3
9.2
11.2
16
6.4
5.6
5.3
5.7
6.3
6.2
6.6
8.1
11.4
12.2
7.2
7.4
9.3
10.5
7.9
5.4
12.2
10.2
5.9
12.3
11.3
11.9
17.1
6.3
10.3
6.1
12.2
12.3
18.1
10.8
6.9
12.4
13.8
18.1
11.2
9.1
12.3
15.9
18.3
9.9
9.2
10
9.8
11.2
16
10.3
14
17.9
7
9.2
11
5.9
18.1
10.3
11.8
11.9
5.7
6.8
9.2
5.7
17.3
9.7
5.8
17.7
9.7
11
7.1
11.8
6.7
18
6.2
6
11
7.3
8.1
13
7
18
7.5
7.9
6.7
11
6.8
18.1
9.1
10
9
11.7
14.3
10.3
14
17.9
7
11
5.4
5.9
9.2
18.1
10.3
11.8
8.9
8.9